-2.000000000000000000e+02
-2.000000000000000000e+02
-2.000000000000000000e+02
-2.000000000000000000e+02
-2.000000000000000000e+02
-2.000000000000000000e+02
-2.000000000000000000e+02
-2.000000000000000000e+02
-2.000000000000000000e+02
-2.000000000000000000e+02
-2.000000000000000000e+02
-2.000000000000000000e+02
-2.000000000000000000e+02
-2.000000000000000000e+02
-2.000000000000000000e+02
-2.000000000000000000e+02
-2.000000000000000000e+02
-2.000000000000000000e+02
-2.000000000000000000e+02
-2.000000000000000000e+02
-2.000000000000000000e+02
-2.000000000000000000e+02
-2.000000000000000000e+02
-2.000000000000000000e+02
-2.000000000000000000e+02
-2.000000000000000000e+02
-2.000000000000000000e+02
-2.000000000000000000e+02
-2.000000000000000000e+02
-2.000000000000000000e+02
-2.000000000000000000e+02
-2.000000000000000000e+02
-2.000000000000000000e+02
-2.000000000000000000e+02
-2.000000000000000000e+02
-2.000000000000000000e+02
-2.000000000000000000e+02
-2.000000000000000000e+02
-2.000000000000000000e+02
-2.000000000000000000e+02
-2.000000000000000000e+02
-2.000000000000000000e+02
-2.000000000000000000e+02
-2.000000000000000000e+02
-2.000000000000000000e+02
-2.000000000000000000e+02
-2.000000000000000000e+02
-2.000000000000000000e+02
-2.000000000000000000e+02
-2.000000000000000000e+02
-2.000000000000000000e+02
-2.000000000000000000e+02
-2.000000000000000000e+02
-2.000000000000000000e+02
-2.000000000000000000e+02
-2.000000000000000000e+02
-2.000000000000000000e+02
-2.000000000000000000e+02
-2.000000000000000000e+02
-2.000000000000000000e+02
-2.000000000000000000e+02
-2.000000000000000000e+02
-2.000000000000000000e+02
-2.000000000000000000e+02
-2.000000000000000000e+02
-2.000000000000000000e+02
-2.000000000000000000e+02
-2.000000000000000000e+02
-2.000000000000000000e+02
-2.000000000000000000e+02
-2.000000000000000000e+02
-2.000000000000000000e+02
-2.000000000000000000e+02
-2.000000000000000000e+02
-2.000000000000000000e+02
-2.000000000000000000e+02
-2.000000000000000000e+02
-2.000000000000000000e+02
-2.000000000000000000e+02
-2.000000000000000000e+02
-2.000000000000000000e+02
-2.000000000000000000e+02
-2.000000000000000000e+02
-2.000000000000000000e+02
-2.000000000000000000e+02
-2.000000000000000000e+02
-2.000000000000000000e+02
-2.000000000000000000e+02
-2.000000000000000000e+02
-2.000000000000000000e+02
-2.000000000000000000e+02
-2.000000000000000000e+02
-2.000000000000000000e+02
-2.000000000000000000e+02
-2.000000000000000000e+02
-2.000000000000000000e+02
-2.000000000000000000e+02
-2.000000000000000000e+02
-2.000000000000000000e+02
-2.000000000000000000e+02
-2.000000000000000000e+02
-2.000000000000000000e+02
-2.000000000000000000e+02
-2.000000000000000000e+02
-2.000000000000000000e+02
-2.000000000000000000e+02
-2.000000000000000000e+02
-2.000000000000000000e+02
-1.510000000000000000e+02
-1.950000000000000000e+02
-2.000000000000000000e+02
-2.000000000000000000e+02
-2.000000000000000000e+02
-2.000000000000000000e+02
-2.000000000000000000e+02
-2.000000000000000000e+02
-2.000000000000000000e+02
-2.000000000000000000e+02
-1.770000000000000000e+02
-2.000000000000000000e+02
-2.000000000000000000e+02
-1.830000000000000000e+02
-1.730000000000000000e+02
-2.000000000000000000e+02
-1.810000000000000000e+02
-2.000000000000000000e+02
-1.810000000000000000e+02
-2.000000000000000000e+02
-2.000000000000000000e+02
-1.480000000000000000e+02
-1.940000000000000000e+02
-2.000000000000000000e+02
-1.900000000000000000e+02
-1.700000000000000000e+02
-1.660000000000000000e+02
-1.830000000000000000e+02
-2.000000000000000000e+02
-1.820000000000000000e+02
-2.000000000000000000e+02
-1.530000000000000000e+02
-1.510000000000000000e+02
-1.880000000000000000e+02
-1.680000000000000000e+02
-1.970000000000000000e+02
-1.690000000000000000e+02
-1.710000000000000000e+02
-1.840000000000000000e+02
-1.800000000000000000e+02
-1.930000000000000000e+02
-1.910000000000000000e+02
-1.470000000000000000e+02
-2.000000000000000000e+02
-1.920000000000000000e+02
-1.670000000000000000e+02
-1.590000000000000000e+02
-1.990000000000000000e+02
-1.510000000000000000e+02
-1.940000000000000000e+02
-1.180000000000000000e+02
-1.150000000000000000e+02
-2.000000000000000000e+02
-2.000000000000000000e+02
-1.810000000000000000e+02
-1.600000000000000000e+02
-1.440000000000000000e+02
-1.950000000000000000e+02
-1.730000000000000000e+02
-1.700000000000000000e+02
-1.550000000000000000e+02
-1.970000000000000000e+02
-1.920000000000000000e+02
-1.740000000000000000e+02
-2.000000000000000000e+02
-1.550000000000000000e+02
-1.200000000000000000e+02
-2.000000000000000000e+02
-2.000000000000000000e+02
-1.470000000000000000e+02
-1.540000000000000000e+02
-1.180000000000000000e+02
-1.220000000000000000e+02
-2.000000000000000000e+02
-2.000000000000000000e+02
-1.500000000000000000e+02
-1.550000000000000000e+02
-1.230000000000000000e+02
-2.000000000000000000e+02
-1.530000000000000000e+02
-1.930000000000000000e+02
-1.510000000000000000e+02
-2.000000000000000000e+02
-1.460000000000000000e+02
-1.230000000000000000e+02
-1.180000000000000000e+02
-1.230000000000000000e+02
-2.000000000000000000e+02
-1.530000000000000000e+02
-2.000000000000000000e+02
-1.560000000000000000e+02
-1.550000000000000000e+02
-2.000000000000000000e+02
-1.140000000000000000e+02
-1.160000000000000000e+02
-2.000000000000000000e+02
-2.000000000000000000e+02
-1.530000000000000000e+02
-1.540000000000000000e+02
-1.150000000000000000e+02
-1.130000000000000000e+02
-1.150000000000000000e+02
-1.480000000000000000e+02
-1.130000000000000000e+02
-1.240000000000000000e+02
-1.120000000000000000e+02
-1.090000000000000000e+02
-1.520000000000000000e+02
-1.150000000000000000e+02
-1.900000000000000000e+02
-1.970000000000000000e+02
-1.470000000000000000e+02
-1.210000000000000000e+02
-1.120000000000000000e+02
-1.420000000000000000e+02
-2.000000000000000000e+02
-1.450000000000000000e+02
-1.130000000000000000e+02
-1.140000000000000000e+02
-1.200000000000000000e+02
-1.440000000000000000e+02
-2.000000000000000000e+02
-1.450000000000000000e+02
-1.130000000000000000e+02
-1.170000000000000000e+02
-1.120000000000000000e+02
-1.440000000000000000e+02
-1.920000000000000000e+02
-1.480000000000000000e+02
-1.160000000000000000e+02
-1.120000000000000000e+02
-1.500000000000000000e+02
-1.980000000000000000e+02
-1.490000000000000000e+02
-1.200000000000000000e+02
-1.110000000000000000e+02
-1.480000000000000000e+02
-1.160000000000000000e+02
-1.120000000000000000e+02
-1.560000000000000000e+02
-1.530000000000000000e+02
-1.870000000000000000e+02
-1.130000000000000000e+02
-1.570000000000000000e+02
-1.180000000000000000e+02
-1.110000000000000000e+02
-1.490000000000000000e+02
-1.140000000000000000e+02
-1.120000000000000000e+02
-1.110000000000000000e+02
-1.110000000000000000e+02
-1.420000000000000000e+02
-1.260000000000000000e+02
-1.110000000000000000e+02
-1.420000000000000000e+02
-1.120000000000000000e+02
-1.470000000000000000e+02
-2.000000000000000000e+02
-1.440000000000000000e+02
-1.520000000000000000e+02
-1.130000000000000000e+02
-1.110000000000000000e+02
-1.450000000000000000e+02
-1.150000000000000000e+02
-1.440000000000000000e+02
-1.480000000000000000e+02
-1.110000000000000000e+02
-1.130000000000000000e+02
-1.100000000000000000e+02
-1.120000000000000000e+02
-1.470000000000000000e+02
-1.100000000000000000e+02
-1.150000000000000000e+02
-1.460000000000000000e+02
-1.450000000000000000e+02
-1.130000000000000000e+02
-1.120000000000000000e+02
-1.100000000000000000e+02
-1.100000000000000000e+02
-1.150000000000000000e+02
-1.460000000000000000e+02
-1.800000000000000000e+02
-1.190000000000000000e+02
-1.150000000000000000e+02
-1.100000000000000000e+02
-1.440000000000000000e+02
-1.110000000000000000e+02
-1.090000000000000000e+02
-1.450000000000000000e+02
-1.160000000000000000e+02
-2.000000000000000000e+02
-1.470000000000000000e+02
-1.110000000000000000e+02
-1.110000000000000000e+02
-1.140000000000000000e+02
-1.430000000000000000e+02
-1.100000000000000000e+02
-1.090000000000000000e+02
-1.450000000000000000e+02
-1.520000000000000000e+02
-1.110000000000000000e+02
-1.070000000000000000e+02
-1.140000000000000000e+02
-1.100000000000000000e+02
-1.150000000000000000e+02
-1.460000000000000000e+02
-1.120000000000000000e+02
-1.160000000000000000e+02
-1.410000000000000000e+02
-1.470000000000000000e+02
-1.150000000000000000e+02
-1.100000000000000000e+02
-1.130000000000000000e+02
-1.090000000000000000e+02
-1.150000000000000000e+02
-1.450000000000000000e+02
-1.120000000000000000e+02
-1.140000000000000000e+02
-1.400000000000000000e+02
-1.500000000000000000e+02
-1.140000000000000000e+02
-1.090000000000000000e+02
-1.080000000000000000e+02
-1.090000000000000000e+02
-1.120000000000000000e+02
-1.100000000000000000e+02
-1.430000000000000000e+02
-1.100000000000000000e+02
-1.190000000000000000e+02
-1.410000000000000000e+02
-1.470000000000000000e+02
-1.130000000000000000e+02
-1.090000000000000000e+02
-1.110000000000000000e+02
-1.120000000000000000e+02
-1.100000000000000000e+02
-1.440000000000000000e+02
-1.130000000000000000e+02
-1.110000000000000000e+02
-1.400000000000000000e+02
-1.150000000000000000e+02
-1.440000000000000000e+02
-1.110000000000000000e+02
-1.180000000000000000e+02
-1.100000000000000000e+02
-1.090000000000000000e+02
-1.070000000000000000e+02
-1.110000000000000000e+02
-1.120000000000000000e+02
-1.460000000000000000e+02
-2.000000000000000000e+02
-1.100000000000000000e+02
-1.090000000000000000e+02
-1.430000000000000000e+02
-1.450000000000000000e+02
-1.100000000000000000e+02
-1.090000000000000000e+02
-1.090000000000000000e+02
-1.170000000000000000e+02
-1.430000000000000000e+02
-1.110000000000000000e+02
-1.100000000000000000e+02
-1.130000000000000000e+02
-1.080000000000000000e+02
-1.140000000000000000e+02
-1.150000000000000000e+02
-1.100000000000000000e+02
-1.170000000000000000e+02
-1.430000000000000000e+02
-1.500000000000000000e+02
-1.120000000000000000e+02
-1.100000000000000000e+02
-1.100000000000000000e+02
-1.110000000000000000e+02
-1.110000000000000000e+02
-1.140000000000000000e+02
-1.420000000000000000e+02
-1.090000000000000000e+02
-1.090000000000000000e+02
-1.420000000000000000e+02
-1.100000000000000000e+02
-1.090000000000000000e+02
-1.930000000000000000e+02
-1.090000000000000000e+02
-1.190000000000000000e+02
-1.440000000000000000e+02
-1.090000000000000000e+02
-1.140000000000000000e+02
-1.110000000000000000e+02
-1.420000000000000000e+02
-1.090000000000000000e+02
-1.090000000000000000e+02
